0000	328171 2689286	53 m			
0100	328081 2689313	10 m			
0144	328039 2689330	10 m			
0200	327985 2689348	11 m			
0300	327891 2689377	11 m			
0400	327792 2689412	12 m			
0500	327699 2689439	13 m			
0600	327602 2689471	13 m			
0700	327508 2689508	13 m			
0800	327414 2689536	14 m			
0900	327317 2689563	14 m			
1000	327219 2689592	14 m			
1100	327127 2689627	14 m			
1200	327034 2689655	14 m			
1300	326939 2689697	14 m			
1400	326847 2689738	15 m			
1500	326760 2689775	15 m			
1600	326665 2689813	17 m			
1700	326577 2689858	17 m			
1800	326488 2689905	17 m			
1900	326399 2689952	18 m			
2000	326309 2689997	17 m			
2100	326223 2690046	18 m			
2200	326133 2690096	19 m			
2300	326042 2690141	21 m			
2400	325956 2690186	22 m			
2500	325865 2690233	23 m			
2600	325783 2690279	24 m			
2700	325694 2690327	25 m			
2800	325608 2690375	26 m			
2900	325521 2690431	27 m			
3000	325445 2690498	29 m			
3100	325374 2690570	30 m			
3200	325308 2690642	32 m			
3300	325237 2690720	32 m			
3380	325215 2690795	41 m			