         1          0    328171.00   2689286.00    10.00 
         2          4    328167.40   2689287.08    10.00 
         3          8    328163.80   2689288.16    10.00 
         4         12    328160.20   2689289.24    10.00 
         5         16    328156.60   2689290.32    10.00 
         6         20    328153.00   2689291.40    10.00 
         7         24    328149.40   2689292.48    10.00 
         8         28    328145.80   2689293.56    10.00 
         9         32    328142.20   2689294.64    10.00 
        10         36    328138.60   2689295.72    10.00 
        11         40    328135.00   2689296.80    10.00 
        12         44    328131.40   2689297.88    10.00 
        13         48    328127.80   2689298.96    10.00 
        14         52    328124.20   2689300.04    10.00 
        15         56    328120.60   2689301.12    10.00 
        16         60    328117.00   2689302.20    10.00 
        17         64    328113.40   2689303.28    10.00 
        18         68    328109.80   2689304.36    10.00 
        19         72    328106.20   2689305.44    10.00 
        20         76    328102.60   2689306.52    10.00 
        21         80    328099.00   2689307.60    10.00 
        22         84    328095.40   2689308.68    10.00 
        23         88    328091.80   2689309.76    10.00 
        24         92    328088.20   2689310.84    10.00 
        25         96    328084.60   2689311.92    10.00 
        26        100    328081.00   2689313.00    10.00 
        27        104    328077.18   2689314.55    10.00 
        28        108    328073.36   2689316.09    10.00 
        29        112    328069.55   2689317.64    10.00 
        30        116    328065.73   2689319.18    10.00 
        31        120    328061.91   2689320.73    10.00 
        32        124    328058.09   2689322.27    10.00 
        33        128    328054.27   2689323.82    10.00 
        34        132    328050.45   2689325.36    10.00 
        35        136    328046.64   2689326.91    10.00 
        36        140    328042.82   2689328.45    10.00 
        37        144    328039.00   2689330.00    10.00 
        38        148    328035.14   2689331.29    10.07 
        39        152    328031.29   2689332.57    10.14 
        40        156    328027.43   2689333.86    10.21 
        41        160    328023.57   2689335.14    10.29 
        42        164    328019.71   2689336.43    10.36 
        43        168    328015.86   2689337.71    10.43 
        44        172    328012.00   2689339.00    10.50 
        45        176    328008.14   2689340.29    10.57 
        46        180    328004.29   2689341.57    10.64 
        47        184    328000.43   2689342.86    10.71 
        48        188    327996.57   2689344.14    10.79 
        49        192    327992.71   2689345.43    10.86 
        50        196    327988.86   2689346.71    10.93 
        51        200    327985.00   2689348.00    11.00 
        52        204    327981.24   2689349.16    11.00 
        53        208    327977.48   2689350.32    11.00 
        54        212    327973.72   2689351.48    11.00 
        55        216    327969.96   2689352.64    11.00 
        56        220    327966.20   2689353.80    11.00 
        57        224    327962.44   2689354.96    11.00 
        58        228    327958.68   2689356.12    11.00 
        59        232    327954.92   2689357.28    11.00 
        60        236    327951.16   2689358.44    11.00 
        61        240    327947.40   2689359.60    11.00 
        62        244    327943.64   2689360.76    11.00 
        63        248    327939.88   2689361.92    11.00 
        64        252    327936.12   2689363.08    11.00 
        65        256    327932.36   2689364.24    11.00 
        66        260    327928.60   2689365.40    11.00 
        67        264    327924.84   2689366.56    11.00 
        68        268    327921.08   2689367.72    11.00 
        69        272    327917.32   2689368.88    11.00 
        70        276    327913.56   2689370.04    11.00 
        71        280    327909.80   2689371.20    11.00 
        72        284    327906.04   2689372.36    11.00 
        73        288    327902.28   2689373.52    11.00 
        74        292    327898.52   2689374.68    11.00 
        75        296    327894.76   2689375.84    11.00 
        76        300    327891.00   2689377.00    11.00 
        77        304    327887.04   2689378.40    11.04 
        78        308    327883.08   2689379.80    11.08 
        79        312    327879.12   2689381.20    11.12 
        80        316    327875.16   2689382.60    11.16 
        81        320    327871.20   2689384.00    11.20 
        82        324    327867.24   2689385.40    11.24 
        83        328    327863.28   2689386.80    11.28 
        84        332    327859.32   2689388.20    11.32 
        85        336    327855.36   2689389.60    11.36 
        86        340    327851.40   2689391.00    11.40 
        87        344    327847.44   2689392.40    11.44 
        88        348    327843.48   2689393.80    11.48 
        89        352    327839.52   2689395.20    11.52 
        90        356    327835.56   2689396.60    11.56 
        91        360    327831.60   2689398.00    11.60 
        92        364    327827.64   2689399.40    11.64 
        93        368    327823.68   2689400.80    11.68 
        94        372    327819.72   2689402.20    11.72 
        95        376    327815.76   2689403.60    11.76 
        96        380    327811.80   2689405.00    11.80 
        97        384    327807.84   2689406.40    11.84 
        98        388    327803.88   2689407.80    11.88 
        99        392    327799.92   2689409.20    11.92 
       100        396    327795.96   2689410.60    11.96 
       101        400    327792.00   2689412.00    12.00 
       102        404    327788.28   2689413.08    12.04 
       103        408    327784.56   2689414.16    12.08 
       104        412    327780.84   2689415.24    12.12 
       105        416    327777.12   2689416.32    12.16 
       106        420    327773.40   2689417.40    12.20 
       107        424    327769.68   2689418.48    12.24 
       108        428    327765.96   2689419.56    12.28 
       109        432    327762.24   2689420.64    12.32 
       110        436    327758.52   2689421.72    12.36 
       111        440    327754.80   2689422.80    12.40 
       112        444    327751.08   2689423.88    12.44 
       113        448    327747.36   2689424.96    12.48 
       114        452    327743.64   2689426.04    12.52 
       115        456    327739.92   2689427.12    12.56 
       116        460    327736.20   2689428.20    12.60 
       117        464    327732.48   2689429.28    12.64 
       118        468    327728.76   2689430.36    12.68 
       119        472    327725.04   2689431.44    12.72 
       120        476    327721.32   2689432.52    12.76 
       121        480    327717.60   2689433.60    12.80 
       122        484    327713.88   2689434.68    12.84 
       123        488    327710.16   2689435.76    12.88 
       124        492    327706.44   2689436.84    12.92 
       125        496    327702.72   2689437.92    12.96 
       126        500    327699.00   2689439.00    13.00 
       127        504    327695.12   2689440.28    13.00 
       128        508    327691.24   2689441.56    13.00 
       129        512    327687.36   2689442.84    13.00 
       130        516    327683.48   2689444.12    13.00 
       131        520    327679.60   2689445.40    13.00 
       132        524    327675.72   2689446.68    13.00 
       133        528    327671.84   2689447.96    13.00 
       134        532    327667.96   2689449.24    13.00 
       135        536    327664.08   2689450.52    13.00 
       136        540    327660.20   2689451.80    13.00 
       137        544    327656.32   2689453.08    13.00 
       138        548    327652.44   2689454.36    13.00 
       139        552    327648.56   2689455.64    13.00 
       140        556    327644.68   2689456.92    13.00 
       141        560    327640.80   2689458.20    13.00 
       142        564    327636.92   2689459.48    13.00 
       143        568    327633.04   2689460.76    13.00 
       144        572    327629.16   2689462.04    13.00 
       145        576    327625.28   2689463.32    13.00 
       146        580    327621.40   2689464.60    13.00 
       147        584    327617.52   2689465.88    13.00 
       148        588    327613.64   2689467.16    13.00 
       149        592    327609.76   2689468.44    13.00 
       150        596    327605.88   2689469.72    13.00 
       151        600    327602.00   2689471.00    13.00 
       152        604    327598.24   2689472.48    13.00 
       153        608    327594.48   2689473.96    13.00 
       154        612    327590.72   2689475.44    13.00 
       155        616    327586.96   2689476.92    13.00 
       156        620    327583.20   2689478.40    13.00 
       157        624    327579.44   2689479.88    13.00 
       158        628    327575.68   2689481.36    13.00 
       159        632    327571.92   2689482.84    13.00 
       160        636    327568.16   2689484.32    13.00 
       161        640    327564.40   2689485.80    13.00 
       162        644    327560.64   2689487.28    13.00 
       163        648    327556.88   2689488.76    13.00 
       164        652    327553.12   2689490.24    13.00 
       165        656    327549.36   2689491.72    13.00 
       166        660    327545.60   2689493.20    13.00 
       167        664    327541.84   2689494.68    13.00 
       168        668    327538.08   2689496.16    13.00 
       169        672    327534.32   2689497.64    13.00 
       170        676    327530.56   2689499.12    13.00 
       171        680    327526.80   2689500.60    13.00 
       172        684    327523.04   2689502.08    13.00 
       173        688    327519.28   2689503.56    13.00 
       174        692    327515.52   2689505.04    13.00 
       175        696    327511.76   2689506.52    13.00 
       176        700    327508.00   2689508.00    13.00 
       177        704    327504.24   2689509.12    13.04 
       178        708    327500.48   2689510.24    13.08 
       179        712    327496.72   2689511.36    13.12 
       180        716    327492.96   2689512.48    13.16 
       181        720    327489.20   2689513.60    13.20 
       182        724    327485.44   2689514.72    13.24 
       183        728    327481.68   2689515.84    13.28 
       184        732    327477.92   2689516.96    13.32 
       185        736    327474.16   2689518.08    13.36 
       186        740    327470.40   2689519.20    13.40 
       187        744    327466.64   2689520.32    13.44 
       188        748    327462.88   2689521.44    13.48 
       189        752    327459.12   2689522.56    13.52 
       190        756    327455.36   2689523.68    13.56 
       191        760    327451.60   2689524.80    13.60 
       192        764    327447.84   2689525.92    13.64 
       193        768    327444.08   2689527.04    13.68 
       194        772    327440.32   2689528.16    13.72 
       195        776    327436.56   2689529.28    13.76 
       196        780    327432.80   2689530.40    13.80 
       197        784    327429.04   2689531.52    13.84 
       198        788    327425.28   2689532.64    13.88 
       199        792    327421.52   2689533.76    13.92 
       200        796    327417.76   2689534.88    13.96 
       201        800    327414.00   2689536.00    14.00 
       202        804    327410.12   2689537.08    14.00 
       203        808    327406.24   2689538.16    14.00 
       204        812    327402.36   2689539.24    14.00 
       205        816    327398.48   2689540.32    14.00 
       206        820    327394.60   2689541.40    14.00 
       207        824    327390.72   2689542.48    14.00 
       208        828    327386.84   2689543.56    14.00 
       209        832    327382.96   2689544.64    14.00 
       210        836    327379.08   2689545.72    14.00 
       211        840    327375.20   2689546.80    14.00 
       212        844    327371.32   2689547.88    14.00 
       213        848    327367.44   2689548.96    14.00 
       214        852    327363.56   2689550.04    14.00 
       215        856    327359.68   2689551.12    14.00 
       216        860    327355.80   2689552.20    14.00 
       217        864    327351.92   2689553.28    14.00 
       218        868    327348.04   2689554.36    14.00 
       219        872    327344.16   2689555.44    14.00 
       220        876    327340.28   2689556.52    14.00 
       221        880    327336.40   2689557.60    14.00 
       222        884    327332.52   2689558.68    14.00 
       223        888    327328.64   2689559.76    14.00 
       224        892    327324.76   2689560.84    14.00 
       225        896    327320.88   2689561.92    14.00 
       226        900    327317.00   2689563.00    14.00 
       227        904    327313.08   2689564.16    14.00 
       228        908    327309.16   2689565.32    14.00 
       229        912    327305.24   2689566.48    14.00 
       230        916    327301.32   2689567.64    14.00 
       231        920    327297.40   2689568.80    14.00 
       232        924    327293.48   2689569.96    14.00 
       233        928    327289.56   2689571.12    14.00 
       234        932    327285.64   2689572.28    14.00 
       235        936    327281.72   2689573.44    14.00 
       236        940    327277.80   2689574.60    14.00 
       237        944    327273.88   2689575.76    14.00 
       238        948    327269.96   2689576.92    14.00 
       239        952    327266.04   2689578.08    14.00 
       240        956    327262.12   2689579.24    14.00 
       241        960    327258.20   2689580.40    14.00 
       242        964    327254.28   2689581.56    14.00 
       243        968    327250.36   2689582.72    14.00 
       244        972    327246.44   2689583.88    14.00 
       245        976    327242.52   2689585.04    14.00 
       246        980    327238.60   2689586.20    14.00 
       247        984    327234.68   2689587.36    14.00 
       248        988    327230.76   2689588.52    14.00 
       249        992    327226.84   2689589.68    14.00 
       250        996    327222.92   2689590.84    14.00 
       251       1000    327219.00   2689592.00    14.00 
       252       1004    327215.32   2689593.40    14.00 
       253       1008    327211.64   2689594.80    14.00 
       254       1012    327207.96   2689596.20    14.00 
       255       1016    327204.28   2689597.60    14.00 
       256       1020    327200.60   2689599.00    14.00 
       257       1024    327196.92   2689600.40    14.00 
       258       1028    327193.24   2689601.80    14.00 
       259       1032    327189.56   2689603.20    14.00 
       260       1036    327185.88   2689604.60    14.00 
       261       1040    327182.20   2689606.00    14.00 
       262       1044    327178.52   2689607.40    14.00 
       263       1048    327174.84   2689608.80    14.00 
       264       1052    327171.16   2689610.20    14.00 
       265       1056    327167.48   2689611.60    14.00 
       266       1060    327163.80   2689613.00    14.00 
       267       1064    327160.12   2689614.40    14.00 
       268       1068    327156.44   2689615.80    14.00 
       269       1072    327152.76   2689617.20    14.00 
       270       1076    327149.08   2689618.60    14.00 
       271       1080    327145.40   2689620.00    14.00 
       272       1084    327141.72   2689621.40    14.00 
       273       1088    327138.04   2689622.80    14.00 
       274       1092    327134.36   2689624.20    14.00 
       275       1096    327130.68   2689625.60    14.00 
       276       1100    327127.00   2689627.00    14.00 
       277       1104    327123.28   2689628.12    14.00 
       278       1108    327119.56   2689629.24    14.00 
       279       1112    327115.84   2689630.36    14.00 
       280       1116    327112.12   2689631.48    14.00 
       281       1120    327108.40   2689632.60    14.00 
       282       1124    327104.68   2689633.72    14.00 
       283       1128    327100.96   2689634.84    14.00 
       284       1132    327097.24   2689635.96    14.00 
       285       1136    327093.52   2689637.08    14.00 
       286       1140    327089.80   2689638.20    14.00 
       287       1144    327086.08   2689639.32    14.00 
       288       1148    327082.36   2689640.44    14.00 
       289       1152    327078.64   2689641.56    14.00 
       290       1156    327074.92   2689642.68    14.00 
       291       1160    327071.20   2689643.80    14.00 
       292       1164    327067.48   2689644.92    14.00 
       293       1168    327063.76   2689646.04    14.00 
       294       1172    327060.04   2689647.16    14.00 
       295       1176    327056.32   2689648.28    14.00 
       296       1180    327052.60   2689649.40    14.00 
       297       1184    327048.88   2689650.52    14.00 
       298       1188    327045.16   2689651.64    14.00 
       299       1192    327041.44   2689652.76    14.00 
       300       1196    327037.72   2689653.88    14.00 
       301       1200    327034.00   2689655.00    14.00 
       302       1204    327030.20   2689656.68    14.00 
       303       1208    327026.40   2689658.36    14.00 
       304       1212    327022.60   2689660.04    14.00 
       305       1216    327018.80   2689661.72    14.00 
       306       1220    327015.00   2689663.40    14.00 
       307       1224    327011.20   2689665.08    14.00 
       308       1228    327007.40   2689666.76    14.00 
       309       1232    327003.60   2689668.44    14.00 
       310       1236    326999.80   2689670.12    14.00 
       311       1240    326996.00   2689671.80    14.00 
       312       1244    326992.20   2689673.48    14.00 
       313       1248    326988.40   2689675.16    14.00 
       314       1252    326984.60   2689676.84    14.00 
       315       1256    326980.80   2689678.52    14.00 
       316       1260    326977.00   2689680.20    14.00 
       317       1264    326973.20   2689681.88    14.00 
       318       1268    326969.40   2689683.56    14.00 
       319       1272    326965.60   2689685.24    14.00 
       320       1276    326961.80   2689686.92    14.00 
       321       1280    326958.00   2689688.60    14.00 
       322       1284    326954.20   2689690.28    14.00 
       323       1288    326950.40   2689691.96    14.00 
       324       1292    326946.60   2689693.64    14.00 
       325       1296    326942.80   2689695.32    14.00 
       326       1300    326939.00   2689697.00    14.00 
       327       1304    326935.32   2689698.64    14.04 
       328       1308    326931.64   2689700.28    14.08 
       329       1312    326927.96   2689701.92    14.12 
       330       1316    326924.28   2689703.56    14.16 
       331       1320    326920.60   2689705.20    14.20 
       332       1324    326916.92   2689706.84    14.24 
       333       1328    326913.24   2689708.48    14.28 
       334       1332    326909.56   2689710.12    14.32 
       335       1336    326905.88   2689711.76    14.36 
       336       1340    326902.20   2689713.40    14.40 
       337       1344    326898.52   2689715.04    14.44 
       338       1348    326894.84   2689716.68    14.48 
       339       1352    326891.16   2689718.32    14.52 
       340       1356    326887.48   2689719.96    14.56 
       341       1360    326883.80   2689721.60    14.60 
       342       1364    326880.12   2689723.24    14.64 
       343       1368    326876.44   2689724.88    14.68 
       344       1372    326872.76   2689726.52    14.72 
       345       1376    326869.08   2689728.16    14.76 
       346       1380    326865.40   2689729.80    14.80 
       347       1384    326861.72   2689731.44    14.84 
       348       1388    326858.04   2689733.08    14.88 
       349       1392    326854.36   2689734.72    14.92 
       350       1396    326850.68   2689736.36    14.96 
       351       1400    326847.00   2689738.00    15.00 
       352       1404    326843.52   2689739.48    15.00 
       353       1408    326840.04   2689740.96    15.00 
       354       1412    326836.56   2689742.44    15.00 
       355       1416    326833.08   2689743.92    15.00 
       356       1420    326829.60   2689745.40    15.00 
       357       1424    326826.12   2689746.88    15.00 
       358       1428    326822.64   2689748.36    15.00 
       359       1432    326819.16   2689749.84    15.00 
       360       1436    326815.68   2689751.32    15.00 
       361       1440    326812.20   2689752.80    15.00 
       362       1444    326808.72   2689754.28    15.00 
       363       1448    326805.24   2689755.76    15.00 
       364       1452    326801.76   2689757.24    15.00 
       365       1456    326798.28   2689758.72    15.00 
       366       1460    326794.80   2689760.20    15.00 
       367       1464    326791.32   2689761.68    15.00 
       368       1468    326787.84   2689763.16    15.00 
       369       1472    326784.36   2689764.64    15.00 
       370       1476    326780.88   2689766.12    15.00 
       371       1480    326777.40   2689767.60    15.00 
       372       1484    326773.92   2689769.08    15.00 
       373       1488    326770.44   2689770.56    15.00 
       374       1492    326766.96   2689772.04    15.00 
       375       1496    326763.48   2689773.52    15.00 
       376       1500    326760.00   2689775.00    15.00 
       377       1504    326756.20   2689776.52    15.08 
       378       1508    326752.40   2689778.04    15.16 
       379       1512    326748.60   2689779.56    15.24 
       380       1516    326744.80   2689781.08    15.32 
       381       1520    326741.00   2689782.60    15.40 
       382       1524    326737.20   2689784.12    15.48 
       383       1528    326733.40   2689785.64    15.56 
       384       1532    326729.60   2689787.16    15.64 
       385       1536    326725.80   2689788.68    15.72 
       386       1540    326722.00   2689790.20    15.80 
       387       1544    326718.20   2689791.72    15.88 
       388       1548    326714.40   2689793.24    15.96 
       389       1552    326710.60   2689794.76    16.04 
       390       1556    326706.80   2689796.28    16.12 
       391       1560    326703.00   2689797.80    16.20 
       392       1564    326699.20   2689799.32    16.28 
       393       1568    326695.40   2689800.84    16.36 
       394       1572    326691.60   2689802.36    16.44 
       395       1576    326687.80   2689803.88    16.52 
       396       1580    326684.00   2689805.40    16.60 
       397       1584    326680.20   2689806.92    16.68 
       398       1588    326676.40   2689808.44    16.76 
       399       1592    326672.60   2689809.96    16.84 
       400       1596    326668.80   2689811.48    16.92 
       401       1600    326665.00   2689813.00    17.00 
       402       1604    326661.48   2689814.80    17.00 
       403       1608    326657.96   2689816.60    17.00 
       404       1612    326654.44   2689818.40    17.00 
       405       1616    326650.92   2689820.20    17.00 
       406       1620    326647.40   2689822.00    17.00 
       407       1624    326643.88   2689823.80    17.00 
       408       1628    326640.36   2689825.60    17.00 
       409       1632    326636.84   2689827.40    17.00 
       410       1636    326633.32   2689829.20    17.00 
       411       1640    326629.80   2689831.00    17.00 
       412       1644    326626.28   2689832.80    17.00 
       413       1648    326622.76   2689834.60    17.00 
       414       1652    326619.24   2689836.40    17.00 
       415       1656    326615.72   2689838.20    17.00 
       416       1660    326612.20   2689840.00    17.00 
       417       1664    326608.68   2689841.80    17.00 
       418       1668    326605.16   2689843.60    17.00 
       419       1672    326601.64   2689845.40    17.00 
       420       1676    326598.12   2689847.20    17.00 
       421       1680    326594.60   2689849.00    17.00 
       422       1684    326591.08   2689850.80    17.00 
       423       1688    326587.56   2689852.60    17.00 
       424       1692    326584.04   2689854.40    17.00 
       425       1696    326580.52   2689856.20    17.00 
       426       1700    326577.00   2689858.00    17.00 
       427       1704    326573.44   2689859.88    17.00 
       428       1708    326569.88   2689861.76    17.00 
       429       1712    326566.32   2689863.64    17.00 
       430       1716    326562.76   2689865.52    17.00 
       431       1720    326559.20   2689867.40    17.00 
       432       1724    326555.64   2689869.28    17.00 
       433       1728    326552.08   2689871.16    17.00 
       434       1732    326548.52   2689873.04    17.00 
       435       1736    326544.96   2689874.92    17.00 
       436       1740    326541.40   2689876.80    17.00 
       437       1744    326537.84   2689878.68    17.00 
       438       1748    326534.28   2689880.56    17.00 
       439       1752    326530.72   2689882.44    17.00 
       440       1756    326527.16   2689884.32    17.00 
       441       1760    326523.60   2689886.20    17.00 
       442       1764    326520.04   2689888.08    17.00 
       443       1768    326516.48   2689889.96    17.00 
       444       1772    326512.92   2689891.84    17.00 
       445       1776    326509.36   2689893.72    17.00 
       446       1780    326505.80   2689895.60    17.00 
       447       1784    326502.24   2689897.48    17.00 
       448       1788    326498.68   2689899.36    17.00 
       449       1792    326495.12   2689901.24    17.00 
       450       1796    326491.56   2689903.12    17.00 
       451       1800    326488.00   2689905.00    17.00 
       452       1804    326484.44   2689906.88    17.04 
       453       1808    326480.88   2689908.76    17.08 
       454       1812    326477.32   2689910.64    17.12 
       455       1816    326473.76   2689912.52    17.16 
       456       1820    326470.20   2689914.40    17.20 
       457       1824    326466.64   2689916.28    17.24 
       458       1828    326463.08   2689918.16    17.28 
       459       1832    326459.52   2689920.04    17.32 
       460       1836    326455.96   2689921.92    17.36 
       461       1840    326452.40   2689923.80    17.40 
       462       1844    326448.84   2689925.68    17.44 
       463       1848    326445.28   2689927.56    17.48 
       464       1852    326441.72   2689929.44    17.52 
       465       1856    326438.16   2689931.32    17.56 
       466       1860    326434.60   2689933.20    17.60 
       467       1864    326431.04   2689935.08    17.64 
       468       1868    326427.48   2689936.96    17.68 
       469       1872    326423.92   2689938.84    17.72 
       470       1876    326420.36   2689940.72    17.76 
       471       1880    326416.80   2689942.60    17.80 
       472       1884    326413.24   2689944.48    17.84 
       473       1888    326409.68   2689946.36    17.88 
       474       1892    326406.12   2689948.24    17.92 
       475       1896    326402.56   2689950.12    17.96 
       476       1900    326399.00   2689952.00    18.00 
       477       1904    326395.40   2689953.80    17.96 
       478       1908    326391.80   2689955.60    17.92 
       479       1912    326388.20   2689957.40    17.88 
       480       1916    326384.60   2689959.20    17.84 
       481       1920    326381.00   2689961.00    17.80 
       482       1924    326377.40   2689962.80    17.76 
       483       1928    326373.80   2689964.60    17.72 
       484       1932    326370.20   2689966.40    17.68 
       485       1936    326366.60   2689968.20    17.64 
       486       1940    326363.00   2689970.00    17.60 
       487       1944    326359.40   2689971.80    17.56 
       488       1948    326355.80   2689973.60    17.52 
       489       1952    326352.20   2689975.40    17.48 
       490       1956    326348.60   2689977.20    17.44 
       491       1960    326345.00   2689979.00    17.40 
       492       1964    326341.40   2689980.80    17.36 
       493       1968    326337.80   2689982.60    17.32 
       494       1972    326334.20   2689984.40    17.28 
       495       1976    326330.60   2689986.20    17.24 
       496       1980    326327.00   2689988.00    17.20 
       497       1984    326323.40   2689989.80    17.16 
       498       1988    326319.80   2689991.60    17.12 
       499       1992    326316.20   2689993.40    17.08 
       500       1996    326312.60   2689995.20    17.04 
       501       2000    326309.00   2689997.00    17.00 
       502       2004    326305.56   2689998.96    17.04 
       503       2008    326302.12   2690000.92    17.08 
       504       2012    326298.68   2690002.88    17.12 
       505       2016    326295.24   2690004.84    17.16 
       506       2020    326291.80   2690006.80    17.20 
       507       2024    326288.36   2690008.76    17.24 
       508       2028    326284.92   2690010.72    17.28 
       509       2032    326281.48   2690012.68    17.32 
       510       2036    326278.04   2690014.64    17.36 
       511       2040    326274.60   2690016.60    17.40 
       512       2044    326271.16   2690018.56    17.44 
       513       2048    326267.72   2690020.52    17.48 
       514       2052    326264.28   2690022.48    17.52 
       515       2056    326260.84   2690024.44    17.56 
       516       2060    326257.40   2690026.40    17.60 
       517       2064    326253.96   2690028.36    17.64 
       518       2068    326250.52   2690030.32    17.68 
       519       2072    326247.08   2690032.28    17.72 
       520       2076    326243.64   2690034.24    17.76 
       521       2080    326240.20   2690036.20    17.80 
       522       2084    326236.76   2690038.16    17.84 
       523       2088    326233.32   2690040.12    17.88 
       524       2092    326229.88   2690042.08    17.92 
       525       2096    326226.44   2690044.04    17.96 
       526       2100    326223.00   2690046.00    18.00 
       527       2104    326219.40   2690048.00    18.04 
       528       2108    326215.80   2690050.00    18.08 
       529       2112    326212.20   2690052.00    18.12 
       530       2116    326208.60   2690054.00    18.16 
       531       2120    326205.00   2690056.00    18.20 
       532       2124    326201.40   2690058.00    18.24 
       533       2128    326197.80   2690060.00    18.28 
       534       2132    326194.20   2690062.00    18.32 
       535       2136    326190.60   2690064.00    18.36 
       536       2140    326187.00   2690066.00    18.40 
       537       2144    326183.40   2690068.00    18.44 
       538       2148    326179.80   2690070.00    18.48 
       539       2152    326176.20   2690072.00    18.52 
       540       2156    326172.60   2690074.00    18.56 
       541       2160    326169.00   2690076.00    18.60 
       542       2164    326165.40   2690078.00    18.64 
       543       2168    326161.80   2690080.00    18.68 
       544       2172    326158.20   2690082.00    18.72 
       545       2176    326154.60   2690084.00    18.76 
       546       2180    326151.00   2690086.00    18.80 
       547       2184    326147.40   2690088.00    18.84 
       548       2188    326143.80   2690090.00    18.88 
       549       2192    326140.20   2690092.00    18.92 
       550       2196    326136.60   2690094.00    18.96 
       551       2200    326133.00   2690096.00    19.00 
       552       2204    326129.36   2690097.80    19.08 
       553       2208    326125.72   2690099.60    19.16 
       554       2212    326122.08   2690101.40    19.24 
       555       2216    326118.44   2690103.20    19.32 
       556       2220    326114.80   2690105.00    19.40 
       557       2224    326111.16   2690106.80    19.48 
       558       2228    326107.52   2690108.60    19.56 
       559       2232    326103.88   2690110.40    19.64 
       560       2236    326100.24   2690112.20    19.72 
       561       2240    326096.60   2690114.00    19.80 
       562       2244    326092.96   2690115.80    19.88 
       563       2248    326089.32   2690117.60    19.96 
       564       2252    326085.68   2690119.40    20.04 
       565       2256    326082.04   2690121.20    20.12 
       566       2260    326078.40   2690123.00    20.20 
       567       2264    326074.76   2690124.80    20.28 
       568       2268    326071.12   2690126.60    20.36 
       569       2272    326067.48   2690128.40    20.44 
       570       2276    326063.84   2690130.20    20.52 
       571       2280    326060.20   2690132.00    20.60 
       572       2284    326056.56   2690133.80    20.68 
       573       2288    326052.92   2690135.60    20.76 
       574       2292    326049.28   2690137.40    20.84 
       575       2296    326045.64   2690139.20    20.92 
       576       2300    326042.00   2690141.00    21.00 
       577       2304    326038.56   2690142.80    21.04 
       578       2308    326035.12   2690144.60    21.08 
       579       2312    326031.68   2690146.40    21.12 
       580       2316    326028.24   2690148.20    21.16 
       581       2320    326024.80   2690150.00    21.20 
       582       2324    326021.36   2690151.80    21.24 
       583       2328    326017.92   2690153.60    21.28 
       584       2332    326014.48   2690155.40    21.32 
       585       2336    326011.04   2690157.20    21.36 
       586       2340    326007.60   2690159.00    21.40 
       587       2344    326004.16   2690160.80    21.44 
       588       2348    326000.72   2690162.60    21.48 
       589       2352    325997.28   2690164.40    21.52 
       590       2356    325993.84   2690166.20    21.56 
       591       2360    325990.40   2690168.00    21.60 
       592       2364    325986.96   2690169.80    21.64 
       593       2368    325983.52   2690171.60    21.68 
       594       2372    325980.08   2690173.40    21.72 
       595       2376    325976.64   2690175.20    21.76 
       596       2380    325973.20   2690177.00    21.80 
       597       2384    325969.76   2690178.80    21.84 
       598       2388    325966.32   2690180.60    21.88 
       599       2392    325962.88   2690182.40    21.92 
       600       2396    325959.44   2690184.20    21.96 
       601       2400    325956.00   2690186.00    22.00 
       602       2404    325952.36   2690187.88    22.04 
       603       2408    325948.72   2690189.76    22.08 
       604       2412    325945.08   2690191.64    22.12 
       605       2416    325941.44   2690193.52    22.16 
       606       2420    325937.80   2690195.40    22.20 
       607       2424    325934.16   2690197.28    22.24 
       608       2428    325930.52   2690199.16    22.28 
       609       2432    325926.88   2690201.04    22.32 
       610       2436    325923.24   2690202.92    22.36 
       611       2440    325919.60   2690204.80    22.40 
       612       2444    325915.96   2690206.68    22.44 
       613       2448    325912.32   2690208.56    22.48 
       614       2452    325908.68   2690210.44    22.52 
       615       2456    325905.04   2690212.32    22.56 
       616       2460    325901.40   2690214.20    22.60 
       617       2464    325897.76   2690216.08    22.64 
       618       2468    325894.12   2690217.96    22.68 
       619       2472    325890.48   2690219.84    22.72 
       620       2476    325886.84   2690221.72    22.76 
       621       2480    325883.20   2690223.60    22.80 
       622       2484    325879.56   2690225.48    22.84 
       623       2488    325875.92   2690227.36    22.88 
       624       2492    325872.28   2690229.24    22.92 
       625       2496    325868.64   2690231.12    22.96 
       626       2500    325865.00   2690233.00    23.00 
       627       2504    325861.72   2690234.84    23.04 
       628       2508    325858.44   2690236.68    23.08 
       629       2512    325855.16   2690238.52    23.12 
       630       2516    325851.88   2690240.36    23.16 
       631       2520    325848.60   2690242.20    23.20 
       632       2524    325845.32   2690244.04    23.24 
       633       2528    325842.04   2690245.88    23.28 
       634       2532    325838.76   2690247.72    23.32 
       635       2536    325835.48   2690249.56    23.36 
       636       2540    325832.20   2690251.40    23.40 
       637       2544    325828.92   2690253.24    23.44 
       638       2548    325825.64   2690255.08    23.48 
       639       2552    325822.36   2690256.92    23.52 
       640       2556    325819.08   2690258.76    23.56 
       641       2560    325815.80   2690260.60    23.60 
       642       2564    325812.52   2690262.44    23.64 
       643       2568    325809.24   2690264.28    23.68 
       644       2572    325805.96   2690266.12    23.72 
       645       2576    325802.68   2690267.96    23.76 
       646       2580    325799.40   2690269.80    23.80 
       647       2584    325796.12   2690271.64    23.84 
       648       2588    325792.84   2690273.48    23.88 
       649       2592    325789.56   2690275.32    23.92 
       650       2596    325786.28   2690277.16    23.96 
       651       2600    325783.00   2690279.00    24.00 
       652       2604    325779.44   2690280.92    24.04 
       653       2608    325775.88   2690282.84    24.08 
       654       2612    325772.32   2690284.76    24.12 
       655       2616    325768.76   2690286.68    24.16 
       656       2620    325765.20   2690288.60    24.20 
       657       2624    325761.64   2690290.52    24.24 
       658       2628    325758.08   2690292.44    24.28 
       659       2632    325754.52   2690294.36    24.32 
       660       2636    325750.96   2690296.28    24.36 
       661       2640    325747.40   2690298.20    24.40 
       662       2644    325743.84   2690300.12    24.44 
       663       2648    325740.28   2690302.04    24.48 
       664       2652    325736.72   2690303.96    24.52 
       665       2656    325733.16   2690305.88    24.56 
       666       2660    325729.60   2690307.80    24.60 
       667       2664    325726.04   2690309.72    24.64 
       668       2668    325722.48   2690311.64    24.68 
       669       2672    325718.92   2690313.56    24.72 
       670       2676    325715.36   2690315.48    24.76 
       671       2680    325711.80   2690317.40    24.80 
       672       2684    325708.24   2690319.32    24.84 
       673       2688    325704.68   2690321.24    24.88 
       674       2692    325701.12   2690323.16    24.92 
       675       2696    325697.56   2690325.08    24.96 
       676       2700    325694.00   2690327.00    25.00 
       677       2704    325690.56   2690328.92    25.04 
       678       2708    325687.12   2690330.84    25.08 
       679       2712    325683.68   2690332.76    25.12 
       680       2716    325680.24   2690334.68    25.16 
       681       2720    325676.80   2690336.60    25.20 
       682       2724    325673.36   2690338.52    25.24 
       683       2728    325669.92   2690340.44    25.28 
       684       2732    325666.48   2690342.36    25.32 
       685       2736    325663.04   2690344.28    25.36 
       686       2740    325659.60   2690346.20    25.40 
       687       2744    325656.16   2690348.12    25.44 
       688       2748    325652.72   2690350.04    25.48 
       689       2752    325649.28   2690351.96    25.52 
       690       2756    325645.84   2690353.88    25.56 
       691       2760    325642.40   2690355.80    25.60 
       692       2764    325638.96   2690357.72    25.64 
       693       2768    325635.52   2690359.64    25.68 
       694       2772    325632.08   2690361.56    25.72 
       695       2776    325628.64   2690363.48    25.76 
       696       2780    325625.20   2690365.40    25.80 
       697       2784    325621.76   2690367.32    25.84 
       698       2788    325618.32   2690369.24    25.88 
       699       2792    325614.88   2690371.16    25.92 
       700       2796    325611.44   2690373.08    25.96 
       701       2800    325608.00   2690375.00    26.00 
       702       2804    325604.52   2690377.24    26.04 
       703       2808    325601.04   2690379.48    26.08 
       704       2812    325597.56   2690381.72    26.12 
       705       2816    325594.08   2690383.96    26.16 
       706       2820    325590.60   2690386.20    26.20 
       707       2824    325587.12   2690388.44    26.24 
       708       2828    325583.64   2690390.68    26.28 
       709       2832    325580.16   2690392.92    26.32 
       710       2836    325576.68   2690395.16    26.36 
       711       2840    325573.20   2690397.40    26.40 
       712       2844    325569.72   2690399.64    26.44 
       713       2848    325566.24   2690401.88    26.48 
       714       2852    325562.76   2690404.12    26.52 
       715       2856    325559.28   2690406.36    26.56 
       716       2860    325555.80   2690408.60    26.60 
       717       2864    325552.32   2690410.84    26.64 
       718       2868    325548.84   2690413.08    26.68 
       719       2872    325545.36   2690415.32    26.72 
       720       2876    325541.88   2690417.56    26.76 
       721       2880    325538.40   2690419.80    26.80 
       722       2884    325534.92   2690422.04    26.84 
       723       2888    325531.44   2690424.28    26.88 
       724       2892    325527.96   2690426.52    26.92 
       725       2896    325524.48   2690428.76    26.96 
       726       2900    325521.00   2690431.00    27.00 
       727       2904    325517.96   2690433.68    27.08 
       728       2908    325514.92   2690436.36    27.16 
       729       2912    325511.88   2690439.04    27.24 
       730       2916    325508.84   2690441.72    27.32 
       731       2920    325505.80   2690444.40    27.40 
       732       2924    325502.76   2690447.08    27.48 
       733       2928    325499.72   2690449.76    27.56 
       734       2932    325496.68   2690452.44    27.64 
       735       2936    325493.64   2690455.12    27.72 
       736       2940    325490.60   2690457.80    27.80 
       737       2944    325487.56   2690460.48    27.88 
       738       2948    325484.52   2690463.16    27.96 
       739       2952    325481.48   2690465.84    28.04 
       740       2956    325478.44   2690468.52    28.12 
       741       2960    325475.40   2690471.20    28.20 
       742       2964    325472.36   2690473.88    28.28 
       743       2968    325469.32   2690476.56    28.36 
       744       2972    325466.28   2690479.24    28.44 
       745       2976    325463.24   2690481.92    28.52 
       746       2980    325460.20   2690484.60    28.60 
       747       2984    325457.16   2690487.28    28.68 
       748       2988    325454.12   2690489.96    28.76 
       749       2992    325451.08   2690492.64    28.84 
       750       2996    325448.04   2690495.32    28.92 
       751       3000    325445.00   2690498.00    29.00 
       752       3004    325442.16   2690500.88    29.04 
       753       3008    325439.32   2690503.76    29.08 
       754       3012    325436.48   2690506.64    29.12 
       755       3016    325433.64   2690509.52    29.16 
       756       3020    325430.80   2690512.40    29.20 
       757       3024    325427.96   2690515.28    29.24 
       758       3028    325425.12   2690518.16    29.28 
       759       3032    325422.28   2690521.04    29.32 
       760       3036    325419.44   2690523.92    29.36 
       761       3040    325416.60   2690526.80    29.40 
       762       3044    325413.76   2690529.68    29.44 
       763       3048    325410.92   2690532.56    29.48 
       764       3052    325408.08   2690535.44    29.52 
       765       3056    325405.24   2690538.32    29.56 
       766       3060    325402.40   2690541.20    29.60 
       767       3064    325399.56   2690544.08    29.64 
       768       3068    325396.72   2690546.96    29.68 
       769       3072    325393.88   2690549.84    29.72 
       770       3076    325391.04   2690552.72    29.76 
       771       3080    325388.20   2690555.60    29.80 
       772       3084    325385.36   2690558.48    29.84 
       773       3088    325382.52   2690561.36    29.88 
       774       3092    325379.68   2690564.24    29.92 
       775       3096    325376.84   2690567.12    29.96 
       776       3100    325374.00   2690570.00    30.00 
       777       3104    325371.36   2690572.88    30.08 
       778       3108    325368.72   2690575.76    30.16 
       779       3112    325366.08   2690578.64    30.24 
       780       3116    325363.44   2690581.52    30.32 
       781       3120    325360.80   2690584.40    30.40 
       782       3124    325358.16   2690587.28    30.48 
       783       3128    325355.52   2690590.16    30.56 
       784       3132    325352.88   2690593.04    30.64 
       785       3136    325350.24   2690595.92    30.72 
       786       3140    325347.60   2690598.80    30.80 
       787       3144    325344.96   2690601.68    30.88 
       788       3148    325342.32   2690604.56    30.96 
       789       3152    325339.68   2690607.44    31.04 
       790       3156    325337.04   2690610.32    31.12 
       791       3160    325334.40   2690613.20    31.20 
       792       3164    325331.76   2690616.08    31.28 
       793       3168    325329.12   2690618.96    31.36 
       794       3172    325326.48   2690621.84    31.44 
       795       3176    325323.84   2690624.72    31.52 
       796       3180    325321.20   2690627.60    31.60 
       797       3184    325318.56   2690630.48    31.68 
       798       3188    325315.92   2690633.36    31.76 
       799       3192    325313.28   2690636.24    31.84 
       800       3196    325310.64   2690639.12    31.92 
       801       3200    325308.00   2690642.00    32.00 
       802       3204    325305.16   2690645.12    32.00 
       803       3208    325302.32   2690648.24    32.00 
       804       3212    325299.48   2690651.36    32.00 
       805       3216    325296.64   2690654.48    32.00 
       806       3220    325293.80   2690657.60    32.00 
       807       3224    325290.96   2690660.72    32.00 
       808       3228    325288.12   2690663.84    32.00 
       809       3232    325285.28   2690666.96    32.00 
       810       3236    325282.44   2690670.08    32.00 
       811       3240    325279.60   2690673.20    32.00 
       812       3244    325276.76   2690676.32    32.00 
       813       3248    325273.92   2690679.44    32.00 
       814       3252    325271.08   2690682.56    32.00 
       815       3256    325268.24   2690685.68    32.00 
       816       3260    325265.40   2690688.80    32.00 
       817       3264    325262.56   2690691.92    32.00 
       818       3268    325259.72   2690695.04    32.00 
       819       3272    325256.88   2690698.16    32.00 
       820       3276    325254.04   2690701.28    32.00 
       821       3280    325251.20   2690704.40    32.00 
       822       3284    325248.36   2690707.52    32.00 
       823       3288    325245.52   2690710.64    32.00 
       824       3292    325242.68   2690713.76    32.00 
       825       3296    325239.84   2690716.88    32.00 
       826       3300    325237.00   2690720.00    32.00 
       827       3304    325235.90   2690723.75    32.45 
       828       3308    325234.80   2690727.50    32.90 
       829       3312    325233.70   2690731.25    33.35 
       830       3316    325232.60   2690735.00    33.80 
       831       3320    325231.50   2690738.75    34.25 
       832       3324    325230.40   2690742.50    34.70 
       833       3328    325229.30   2690746.25    35.15 
       834       3332    325228.20   2690750.00    35.60 
       835       3336    325227.10   2690753.75    36.05 
       836       3340    325226.00   2690757.50    36.50 
       837       3344    325224.90   2690761.25    36.95 
       838       3348    325223.80   2690765.00    37.40 
       839       3352    325222.70   2690768.75    37.85 
       840       3356    325221.60   2690772.50    38.30 
       841       3360    325220.50   2690776.25    38.75 
       842       3364    325219.40   2690780.00    39.20 
       843       3368    325218.30   2690783.75    39.65 
       844       3372    325217.20   2690787.50    40.10 
       845       3376    325216.10   2690791.25    40.55 
       846       3380    325215.00   2690795.00    41.00 
